1 0.253378 0.536425 0.114865 0.099494
1 0.367117 0.483305 0.121622 0.087690
1 0.387387 0.398145 0.090090 0.086003
1 0.511261 0.379595 0.076577 0.092749
0 0.533784 0.473187 0.103604 0.067454
0 0.486486 0.156998 0.112613 0.096121
0 0.563063 0.237099 0.072072 0.064081
0 0.643018 0.206745 0.087838 0.097808
0 0.521396 0.867791 0.132883 0.067454
2 0.430180 0.651096 0.099099 0.072513
2 0.831081 0.579427 0.058559 0.080944
0 0.664414 0.414165 0.117117 0.077572
1 0.402027 0.827319 0.101351 0.067454
0 0.406532 0.918381 0.119369 0.060708
